m =(0,0,1) rx=ry=10nm rz=20nm
==================================================================
N is 579348 and nx,ny,nz are 66,66,133
Total non 0 dipoles 291772
Average Bx,By,Bz is:(-2.62838354147818118908536352417e-19,-3.03986251604739883296626832435e-18,0.358033431194554330190271684842)
Average Dx,Dy,Dz is:(1,1,0.170512267185278676429049937724)
0 0 0 0 0 0 0 0 0 0 0 0 0 0 0 0 0 0 0 0 0 0 0 0 0 0 0 0 0 0 0 0 0 0 0 0 0 0 0 0 0 0 0 0 0 0 0 0 0 0 0 0 0 0 0 0 0 0 0 0 0 0 0 0 0 0 
0 0 0 0 0 0 0 0 0 0 0 0 0 0 0 0 0 0 0 0 0 0 0 0 0 0.387518 0.387398 0.387294 0.387208 0.387139 0.387087 0.387053 0.387035 0.387035 0.387053 0.387087 0.387139 0.387208 0.387294 0.387398 0.387518 0 0 0 0 0 0 0 0 0 0 0 0 0 0 0 0 0 0 0 0 0 0 0 0 0 
0 0 0 0 0 0 0 0 0 0 0 0 0 0 0 0 0 0 0 0 0 0 0.387427 0.387255 0.387099 0.38696 0.386838 0.386733 0.386646 0.386575 0.386523 0.386487 0.38647 0.38647 0.386487 0.386523 0.386575 0.386646 0.386733 0.386838 0.38696 0.387099 0.387255 0.387427 0 0 0 0 0 0 0 0 0 0 0 0 0 0 0 0 0 0 0 0 0 0 
0 0 0 0 0 0 0 0 0 0 0 0 0 0 0 0 0 0 0 0.38752 0.387296 0.387088 0.386896 0.386721 0.386563 0.386422 0.386298 0.386191 0.386102 0.386031 0.385977 0.385941 0.385923 0.385923 0.385941 0.385977 0.386031 0.386102 0.386191 0.386298 0.386422 0.386563 0.386721 0.386896 0.387088 0.387296 0.38752 0 0 0 0 0 0 0 0 0 0 0 0 0 0 0 0 0 0 0 
0 0 0 0 0 0 0 0 0 0 0 0 0 0 0 0 0 0.387512 0.387253 0.387009 0.386782 0.38657 0.386376 0.386198 0.386037 0.385893 0.385767 0.385659 0.385568 0.385496 0.385441 0.385405 0.385387 0.385387 0.385405 0.385441 0.385496 0.385568 0.385659 0.385767 0.385893 0.386037 0.386198 0.386376 0.38657 0.386782 0.387009 0.387253 0.387512 0 0 0 0 0 0 0 0 0 0 0 0 0 0 0 0 0 
0 0 0 0 0 0 0 0 0 0 0 0 0 0 0 0 0.387298 0.387019 0.386756 0.386509 0.386278 0.386063 0.385865 0.385685 0.385521 0.385375 0.385247 0.385137 0.385045 0.384972 0.384916 0.384879 0.384861 0.384861 0.384879 0.384916 0.384972 0.385045 0.385137 0.385247 0.385375 0.385521 0.385685 0.385865 0.386063 0.386278 0.386509 0.386756 0.387019 0.387298 0 0 0 0 0 0 0 0 0 0 0 0 0 0 0 0 
0 0 0 0 0 0 0 0 0 0 0 0 0 0 0.387431 0.387118 0.38682 0.386538 0.386271 0.38602 0.385785 0.385567 0.385366 0.385183 0.385017 0.384869 0.384739 0.384627 0.384534 0.384459 0.384403 0.384365 0.384347 0.384347 0.384365 0.384403 0.384459 0.384534 0.384627 0.384739 0.384869 0.385017 0.385183 0.385366 0.385567 0.385785 0.38602 0.386271 0.386538 0.38682 0.387118 0.387431 0 0 0 0 0 0 0 0 0 0 0 0 0 0 
0 0 0 0 0 0 0 0 0 0 0 0 0 0.387306 0.386974 0.386657 0.386354 0.386068 0.385797 0.385542 0.385304 0.385083 0.384879 0.384693 0.384525 0.384375 0.384243 0.384129 0.384035 0.383959 0.383902 0.383864 0.383845 0.383845 0.383864 0.383902 0.383959 0.384035 0.384129 0.384243 0.384375 0.384525 0.384693 0.384879 0.385083 0.385304 0.385542 0.385797 0.386068 0.386354 0.386657 0.386974 0.387306 0 0 0 0 0 0 0 0 0 0 0 0 0 
0 0 0 0 0 0 0 0 0 0 0 0 0.387216 0.386865 0.386529 0.386207 0.3859 0.38561 0.385335 0.385077 0.384835 0.384611 0.384405 0.384216 0.384045 0.383893 0.383759 0.383645 0.383548 0.383471 0.383414 0.383375 0.383356 0.383356 0.383375 0.383414 0.383471 0.383548 0.383645 0.383759 0.383893 0.384045 0.384216 0.384405 0.384611 0.384835 0.385077 0.385335 0.38561 0.3859 0.386207 0.386529 0.386865 0.387216 0 0 0 0 0 0 0 0 0 0 0 0 
0 0 0 0 0 0 0 0 0 0 0 0.387162 0.386793 0.386437 0.386096 0.38577 0.385459 0.385165 0.384886 0.384625 0.38438 0.384153 0.383944 0.383752 0.383579 0.383425 0.38329 0.383173 0.383076 0.382998 0.382939 0.3829 0.38288 0.38288 0.3829 0.382939 0.382998 0.383076 0.383173 0.38329 0.383425 0.383579 0.383752 0.383944 0.384153 0.38438 0.384625 0.384886 0.385165 0.385459 0.38577 0.386096 0.386437 0.386793 0.387162 0 0 0 0 0 0 0 0 0 0 0 
0 0 0 0 0 0 0 0 0 0 0.387144 0.386756 0.386382 0.386022 0.385676 0.385346 0.385032 0.384733 0.384451 0.384186 0.383938 0.383708 0.383496 0.383303 0.383127 0.382971 0.382834 0.382716 0.382617 0.382538 0.382479 0.382439 0.382419 0.382419 0.382439 0.382479 0.382538 0.382617 0.382716 0.382834 0.382971 0.383127 0.383303 0.383496 0.383708 0.383938 0.384186 0.384451 0.384733 0.385032 0.385346 0.385676 0.386022 0.386382 0.386756 0.387144 0 0 0 0 0 0 0 0 0 0 
0 0 0 0 0 0 0 0 0 0.387162 0.386756 0.386364 0.385985 0.38562 0.38527 0.384936 0.384618 0.384316 0.38403 0.383762 0.383511 0.383278 0.383064 0.382868 0.38269 0.382532 0.382393 0.382273 0.382174 0.382094 0.382033 0.381993 0.381973 0.381973 0.381993 0.382033 0.382094 0.382174 0.382273 0.382393 0.382532 0.38269 0.382868 0.383064 0.383278 0.383511 0.383762 0.38403 0.384316 0.384618 0.384936 0.38527 0.38562 0.385985 0.386364 0.386756 0.387162 0 0 0 0 0 0 0 0 0 
0 0 0 0 0 0 0 0 0.387216 0.386793 0.386382 0.385985 0.385601 0.385233 0.384879 0.384541 0.384218 0.383913 0.383624 0.383353 0.383099 0.382863 0.382646 0.382448 0.382268 0.382108 0.381968 0.381847 0.381746 0.381665 0.381604 0.381563 0.381543 0.381543 0.381563 0.381604 0.381665 0.381746 0.381847 0.381968 0.382108 0.382268 0.382448 0.382646 0.382863 0.383099 0.383353 0.383624 0.383913 0.384218 0.384541 0.384879 0.385233 0.385601 0.385985 0.386382 0.386793 0.387216 0 0 0 0 0 0 0 0 
0 0 0 0 0 0 0 0.387306 0.386865 0.386437 0.386022 0.38562 0.385233 0.38486 0.384502 0.38416 0.383834 0.383525 0.383233 0.382959 0.382702 0.382464 0.382244 0.382044 0.381862 0.3817 0.381558 0.381436 0.381334 0.381252 0.38119 0.381149 0.381129 0.381129 0.381149 0.38119 0.381252 0.381334 0.381436 0.381558 0.3817 0.381862 0.382044 0.382244 0.382464 0.382702 0.382959 0.383233 0.383525 0.383834 0.38416 0.384502 0.38486 0.385233 0.38562 0.386022 0.386437 0.386865 0.387306 0 0 0 0 0 0 0 
0 0 0 0 0 0 0.387431 0.386974 0.386529 0.386096 0.385676 0.38527 0.384879 0.384502 0.384141 0.383795 0.383466 0.383153 0.382858 0.382581 0.382322 0.382081 0.381859 0.381656 0.381473 0.381309 0.381165 0.381042 0.380939 0.380856 0.380794 0.380752 0.380731 0.380731 0.380752 0.380794 0.380856 0.380939 0.381042 0.381165 0.381309 0.381473 0.381656 0.381859 0.382081 0.382322 0.382581 0.382858 0.383153 0.383466 0.383795 0.384141 0.384502 0.384879 0.38527 0.385676 0.386096 0.386529 0.386974 0.387431 0 0 0 0 0 0 
0 0 0 0 0 0 0.387118 0.386657 0.386207 0.38577 0.385346 0.384936 0.384541 0.38416 0.383795 0.383446 0.383113 0.382798 0.3825 0.38222 0.381958 0.381715 0.38149 0.381286 0.3811 0.380935 0.38079 0.380665 0.380561 0.380477 0.380414 0.380372 0.380351 0.380351 0.380372 0.380414 0.380477 0.380561 0.380665 0.38079 0.380935 0.3811 0.381286 0.38149 0.381715 0.381958 0.38222 0.3825 0.382798 0.383113 0.383446 0.383795 0.38416 0.384541 0.384936 0.385346 0.38577 0.386207 0.386657 0.387118 0 0 0 0 0 0 
0 0 0 0 0 0.387298 0.38682 0.386354 0.3859 0.385459 0.385032 0.384618 0.384218 0.383834 0.383466 0.383113 0.382778 0.382459 0.382158 0.381875 0.381611 0.381366 0.381139 0.380932 0.380745 0.380579 0.380432 0.380306 0.380201 0.380116 0.380053 0.380011 0.379989 0.379989 0.380011 0.380053 0.380116 0.380201 0.380306 0.380432 0.380579 0.380745 0.380932 0.381139 0.381366 0.381611 0.381875 0.382158 0.382459 0.382778 0.383113 0.383466 0.383834 0.384218 0.384618 0.385032 0.385459 0.3859 0.386354 0.38682 0.387298 0 0 0 0 0 
0 0 0 0 0.387512 0.387019 0.386538 0.386068 0.38561 0.385165 0.384733 0.384316 0.383913 0.383525 0.383153 0.382798 0.382459 0.382138 0.381834 0.381549 0.381282 0.381034 0.380806 0.380597 0.380409 0.38024 0.380093 0.379965 0.379859 0.379774 0.37971 0.379667 0.379646 0.379646 0.379667 0.37971 0.379774 0.379859 0.379965 0.380093 0.38024 0.380409 0.380597 0.380806 0.381034 0.381282 0.381549 0.381834 0.382138 0.382459 0.382798 0.383153 0.383525 0.383913 0.384316 0.384733 0.385165 0.38561 0.386068 0.386538 0.387019 0.387512 0 0 0 0 
0 0 0 0 0.387253 0.386756 0.386271 0.385797 0.385335 0.384886 0.384451 0.38403 0.383624 0.383233 0.382858 0.3825 0.382158 0.381834 0.381528 0.38124 0.380971 0.380722 0.380491 0.380281 0.380091 0.379921 0.379772 0.379644 0.379536 0.379451 0.379386 0.379343 0.379321 0.379321 0.379343 0.379386 0.379451 0.379536 0.379644 0.379772 0.379921 0.380091 0.380281 0.380491 0.380722 0.380971 0.38124 0.381528 0.381834 0.382158 0.3825 0.382858 0.383233 0.383624 0.38403 0.384451 0.384886 0.385335 0.385797 0.386271 0.386756 0.387253 0 0 0 0 
0 0 0 0.38752 0.387009 0.386509 0.38602 0.385542 0.385077 0.384625 0.384186 0.383762 0.383353 0.382959 0.382581 0.38222 0.381875 0.381549 0.38124 0.38095 0.380679 0.380428 0.380195 0.379983 0.379792 0.379621 0.37947 0.379341 0.379233 0.379147 0.379081 0.379038 0.379016 0.379016 0.379038 0.379081 0.379147 0.379233 0.379341 0.37947 0.379621 0.379792 0.379983 0.380195 0.380428 0.380679 0.38095 0.38124 0.381549 0.381875 0.38222 0.382581 0.382959 0.383353 0.383762 0.384186 0.384625 0.385077 0.385542 0.38602 0.386509 0.387009 0.38752 0 0 0 
0 0 0 0.387296 0.386782 0.386278 0.385785 0.385304 0.384835 0.38438 0.383938 0.383511 0.383099 0.382702 0.382322 0.381958 0.381611 0.381282 0.380971 0.380679 0.380406 0.380153 0.379919 0.379705 0.379512 0.37934 0.379188 0.379058 0.378949 0.378862 0.378797 0.378753 0.378731 0.378731 0.378753 0.378797 0.378862 0.378949 0.379058 0.379188 0.37934 0.379512 0.379705 0.379919 0.380153 0.380406 0.380679 0.380971 0.381282 0.381611 0.381958 0.382322 0.382702 0.383099 0.383511 0.383938 0.38438 0.384835 0.385304 0.385785 0.386278 0.386782 0.387296 0 0 0 
0 0 0 0.387088 0.38657 0.386063 0.385567 0.385083 0.384611 0.384153 0.383708 0.383278 0.382863 0.382464 0.382081 0.381715 0.381366 0.381034 0.380722 0.380428 0.380153 0.379897 0.379662 0.379447 0.379253 0.379079 0.378927 0.378796 0.378686 0.378598 0.378532 0.378488 0.378466 0.378466 0.378488 0.378532 0.378598 0.378686 0.378796 0.378927 0.379079 0.379253 0.379447 0.379662 0.379897 0.380153 0.380428 0.380722 0.381034 0.381366 0.381715 0.382081 0.382464 0.382863 0.383278 0.383708 0.384153 0.384611 0.385083 0.385567 0.386063 0.38657 0.387088 0 0 0 
0 0 0.387427 0.386896 0.386376 0.385865 0.385366 0.384879 0.384405 0.383944 0.383496 0.383064 0.382646 0.382244 0.381859 0.38149 0.381139 0.380806 0.380491 0.380195 0.379919 0.379662 0.379425 0.379209 0.379013 0.378839 0.378685 0.378553 0.378443 0.378355 0.378289 0.378244 0.378222 0.378222 0.378244 0.378289 0.378355 0.378443 0.378553 0.378685 0.378839 0.379013 0.379209 0.379425 0.379662 0.379919 0.380195 0.380491 0.380806 0.381139 0.38149 0.381859 0.382244 0.382646 0.383064 0.383496 0.383944 0.384405 0.384879 0.385366 0.385865 0.386376 0.386896 0.387427 0 0 
0 0 0.387255 0.386721 0.386198 0.385685 0.385183 0.384693 0.384216 0.383752 0.383303 0.382868 0.382448 0.382044 0.381656 0.381286 0.380932 0.380597 0.380281 0.379983 0.379705 0.379447 0.379209 0.378991 0.378795 0.378619 0.378465 0.378332 0.378221 0.378133 0.378066 0.378021 0.377999 0.377999 0.378021 0.378066 0.378133 0.378221 0.378332 0.378465 0.378619 0.378795 0.378991 0.379209 0.379447 0.379705 0.379983 0.380281 0.380597 0.380932 0.381286 0.381656 0.382044 0.382448 0.382868 0.383303 0.383752 0.384216 0.384693 0.385183 0.385685 0.386198 0.386721 0.387255 0 0 
0 0 0.387099 0.386563 0.386037 0.385521 0.385017 0.384525 0.384045 0.383579 0.383127 0.38269 0.382268 0.381862 0.381473 0.3811 0.380745 0.380409 0.380091 0.379792 0.379512 0.379253 0.379013 0.378795 0.378597 0.37842 0.378265 0.378132 0.378021 0.377932 0.377865 0.37782 0.377797 0.377797 0.37782 0.377865 0.377932 0.378021 0.378132 0.378265 0.37842 0.378597 0.378795 0.379013 0.379253 0.379512 0.379792 0.380091 0.380409 0.380745 0.3811 0.381473 0.381862 0.382268 0.38269 0.383127 0.383579 0.384045 0.384525 0.385017 0.385521 0.386037 0.386563 0.387099 0 0 
0 0.387518 0.38696 0.386422 0.385893 0.385375 0.384869 0.384375 0.383893 0.383425 0.382971 0.382532 0.382108 0.3817 0.381309 0.380935 0.380579 0.38024 0.379921 0.379621 0.37934 0.379079 0.378839 0.378619 0.37842 0.378243 0.378087 0.377954 0.377842 0.377752 0.377685 0.37764 0.377617 0.377617 0.37764 0.377685 0.377752 0.377842 0.377954 0.378087 0.378243 0.37842 0.378619 0.378839 0.379079 0.37934 0.379621 0.379921 0.38024 0.380579 0.380935 0.381309 0.3817 0.382108 0.382532 0.382971 0.383425 0.383893 0.384375 0.384869 0.385375 0.385893 0.386422 0.38696 0.387518 0 
0 0.387398 0.386838 0.386298 0.385767 0.385247 0.384739 0.384243 0.383759 0.38329 0.382834 0.382393 0.381968 0.381558 0.381165 0.38079 0.380432 0.380093 0.379772 0.37947 0.379188 0.378927 0.378685 0.378465 0.378265 0.378087 0.377931 0.377797 0.377685 0.377595 0.377527 0.377482 0.377459 0.377459 0.377482 0.377527 0.377595 0.377685 0.377797 0.377931 0.378087 0.378265 0.378465 0.378685 0.378927 0.379188 0.37947 0.379772 0.380093 0.380432 0.38079 0.381165 0.381558 0.381968 0.382393 0.382834 0.38329 0.383759 0.384243 0.384739 0.385247 0.385767 0.386298 0.386838 0.387398 0 
0 0.387294 0.386733 0.386191 0.385659 0.385137 0.384627 0.384129 0.383645 0.383173 0.382716 0.382273 0.381847 0.381436 0.381042 0.380665 0.380306 0.379965 0.379644 0.379341 0.379058 0.378796 0.378553 0.378332 0.378132 0.377954 0.377797 0.377662 0.377549 0.377459 0.377391 0.377346 0.377323 0.377323 0.377346 0.377391 0.377459 0.377549 0.377662 0.377797 0.377954 0.378132 0.378332 0.378553 0.378796 0.379058 0.379341 0.379644 0.379965 0.380306 0.380665 0.381042 0.381436 0.381847 0.382273 0.382716 0.383173 0.383645 0.384129 0.384627 0.385137 0.385659 0.386191 0.386733 0.387294 0 
0 0.387208 0.386646 0.386102 0.385568 0.385045 0.384534 0.384035 0.383548 0.383076 0.382617 0.382174 0.381746 0.381334 0.380939 0.380561 0.380201 0.379859 0.379536 0.379233 0.378949 0.378686 0.378443 0.378221 0.378021 0.377842 0.377685 0.377549 0.377436 0.377346 0.377278 0.377232 0.37721 0.37721 0.377232 0.377278 0.377346 0.377436 0.377549 0.377685 0.377842 0.378021 0.378221 0.378443 0.378686 0.378949 0.379233 0.379536 0.379859 0.380201 0.380561 0.380939 0.381334 0.381746 0.382174 0.382617 0.383076 0.383548 0.384035 0.384534 0.385045 0.385568 0.386102 0.386646 0.387208 0 
0 0.387139 0.386575 0.386031 0.385496 0.384972 0.384459 0.383959 0.383471 0.382998 0.382538 0.382094 0.381665 0.381252 0.380856 0.380477 0.380116 0.379774 0.379451 0.379147 0.378862 0.378598 0.378355 0.378133 0.377932 0.377752 0.377595 0.377459 0.377346 0.377255 0.377187 0.377141 0.377119 0.377119 0.377141 0.377187 0.377255 0.377346 0.377459 0.377595 0.377752 0.377932 0.378133 0.378355 0.378598 0.378862 0.379147 0.379451 0.379774 0.380116 0.380477 0.380856 0.381252 0.381665 0.382094 0.382538 0.382998 0.383471 0.383959 0.384459 0.384972 0.385496 0.386031 0.386575 0.387139 0 
0 0.387087 0.386523 0.385977 0.385441 0.384916 0.384403 0.383902 0.383414 0.382939 0.382479 0.382033 0.381604 0.38119 0.380794 0.380414 0.380053 0.37971 0.379386 0.379081 0.378797 0.378532 0.378289 0.378066 0.377865 0.377685 0.377527 0.377391 0.377278 0.377187 0.377118 0.377073 0.37705 0.37705 0.377073 0.377118 0.377187 0.377278 0.377391 0.377527 0.377685 0.377865 0.378066 0.378289 0.378532 0.378797 0.379081 0.379386 0.37971 0.380053 0.380414 0.380794 0.38119 0.381604 0.382033 0.382479 0.382939 0.383414 0.383902 0.384403 0.384916 0.385441 0.385977 0.386523 0.387087 0 
0 0.387053 0.386487 0.385941 0.385405 0.384879 0.384365 0.383864 0.383375 0.3829 0.382439 0.381993 0.381563 0.381149 0.380752 0.380372 0.380011 0.379667 0.379343 0.379038 0.378753 0.378488 0.378244 0.378021 0.37782 0.37764 0.377482 0.377346 0.377232 0.377141 0.377073 0.377027 0.377004 0.377004 0.377027 0.377073 0.377141 0.377232 0.377346 0.377482 0.37764 0.37782 0.378021 0.378244 0.378488 0.378753 0.379038 0.379343 0.379667 0.380011 0.380372 0.380752 0.381149 0.381563 0.381993 0.382439 0.3829 0.383375 0.383864 0.384365 0.384879 0.385405 0.385941 0.386487 0.387053 0 
0 0.387035 0.38647 0.385923 0.385387 0.384861 0.384347 0.383845 0.383356 0.38288 0.382419 0.381973 0.381543 0.381129 0.380731 0.380351 0.379989 0.379646 0.379321 0.379016 0.378731 0.378466 0.378222 0.377999 0.377797 0.377617 0.377459 0.377323 0.37721 0.377119 0.37705 0.377004 0.376982 0.376982 0.377004 0.37705 0.377119 0.37721 0.377323 0.377459 0.377617 0.377797 0.377999 0.378222 0.378466 0.378731 0.379016 0.379321 0.379646 0.379989 0.380351 0.380731 0.381129 0.381543 0.381973 0.382419 0.38288 0.383356 0.383845 0.384347 0.384861 0.385387 0.385923 0.38647 0.387035 0 
0 0.387035 0.38647 0.385923 0.385387 0.384861 0.384347 0.383845 0.383356 0.38288 0.382419 0.381973 0.381543 0.381129 0.380731 0.380351 0.379989 0.379646 0.379321 0.379016 0.378731 0.378466 0.378222 0.377999 0.377797 0.377617 0.377459 0.377323 0.37721 0.377119 0.37705 0.377004 0.376982 0.376982 0.377004 0.37705 0.377119 0.37721 0.377323 0.377459 0.377617 0.377797 0.377999 0.378222 0.378466 0.378731 0.379016 0.379321 0.379646 0.379989 0.380351 0.380731 0.381129 0.381543 0.381973 0.382419 0.38288 0.383356 0.383845 0.384347 0.384861 0.385387 0.385923 0.38647 0.387035 0 
0 0.387053 0.386487 0.385941 0.385405 0.384879 0.384365 0.383864 0.383375 0.3829 0.382439 0.381993 0.381563 0.381149 0.380752 0.380372 0.380011 0.379667 0.379343 0.379038 0.378753 0.378488 0.378244 0.378021 0.37782 0.37764 0.377482 0.377346 0.377232 0.377141 0.377073 0.377027 0.377004 0.377004 0.377027 0.377073 0.377141 0.377232 0.377346 0.377482 0.37764 0.37782 0.378021 0.378244 0.378488 0.378753 0.379038 0.379343 0.379667 0.380011 0.380372 0.380752 0.381149 0.381563 0.381993 0.382439 0.3829 0.383375 0.383864 0.384365 0.384879 0.385405 0.385941 0.386487 0.387053 0 
0 0.387087 0.386523 0.385977 0.385441 0.384916 0.384403 0.383902 0.383414 0.382939 0.382479 0.382033 0.381604 0.38119 0.380794 0.380414 0.380053 0.37971 0.379386 0.379081 0.378797 0.378532 0.378289 0.378066 0.377865 0.377685 0.377527 0.377391 0.377278 0.377187 0.377118 0.377073 0.37705 0.37705 0.377073 0.377118 0.377187 0.377278 0.377391 0.377527 0.377685 0.377865 0.378066 0.378289 0.378532 0.378797 0.379081 0.379386 0.37971 0.380053 0.380414 0.380794 0.38119 0.381604 0.382033 0.382479 0.382939 0.383414 0.383902 0.384403 0.384916 0.385441 0.385977 0.386523 0.387087 0 
0 0.387139 0.386575 0.386031 0.385496 0.384972 0.384459 0.383959 0.383471 0.382998 0.382538 0.382094 0.381665 0.381252 0.380856 0.380477 0.380116 0.379774 0.379451 0.379147 0.378862 0.378598 0.378355 0.378133 0.377932 0.377752 0.377595 0.377459 0.377346 0.377255 0.377187 0.377141 0.377119 0.377119 0.377141 0.377187 0.377255 0.377346 0.377459 0.377595 0.377752 0.377932 0.378133 0.378355 0.378598 0.378862 0.379147 0.379451 0.379774 0.380116 0.380477 0.380856 0.381252 0.381665 0.382094 0.382538 0.382998 0.383471 0.383959 0.384459 0.384972 0.385496 0.386031 0.386575 0.387139 0 
0 0.387208 0.386646 0.386102 0.385568 0.385045 0.384534 0.384035 0.383548 0.383076 0.382617 0.382174 0.381746 0.381334 0.380939 0.380561 0.380201 0.379859 0.379536 0.379233 0.378949 0.378686 0.378443 0.378221 0.378021 0.377842 0.377685 0.377549 0.377436 0.377346 0.377278 0.377232 0.37721 0.37721 0.377232 0.377278 0.377346 0.377436 0.377549 0.377685 0.377842 0.378021 0.378221 0.378443 0.378686 0.378949 0.379233 0.379536 0.379859 0.380201 0.380561 0.380939 0.381334 0.381746 0.382174 0.382617 0.383076 0.383548 0.384035 0.384534 0.385045 0.385568 0.386102 0.386646 0.387208 0 
0 0.387294 0.386733 0.386191 0.385659 0.385137 0.384627 0.384129 0.383645 0.383173 0.382716 0.382273 0.381847 0.381436 0.381042 0.380665 0.380306 0.379965 0.379644 0.379341 0.379058 0.378796 0.378553 0.378332 0.378132 0.377954 0.377797 0.377662 0.377549 0.377459 0.377391 0.377346 0.377323 0.377323 0.377346 0.377391 0.377459 0.377549 0.377662 0.377797 0.377954 0.378132 0.378332 0.378553 0.378796 0.379058 0.379341 0.379644 0.379965 0.380306 0.380665 0.381042 0.381436 0.381847 0.382273 0.382716 0.383173 0.383645 0.384129 0.384627 0.385137 0.385659 0.386191 0.386733 0.387294 0 
0 0.387398 0.386838 0.386298 0.385767 0.385247 0.384739 0.384243 0.383759 0.38329 0.382834 0.382393 0.381968 0.381558 0.381165 0.38079 0.380432 0.380093 0.379772 0.37947 0.379188 0.378927 0.378685 0.378465 0.378265 0.378087 0.377931 0.377797 0.377685 0.377595 0.377527 0.377482 0.377459 0.377459 0.377482 0.377527 0.377595 0.377685 0.377797 0.377931 0.378087 0.378265 0.378465 0.378685 0.378927 0.379188 0.37947 0.379772 0.380093 0.380432 0.38079 0.381165 0.381558 0.381968 0.382393 0.382834 0.38329 0.383759 0.384243 0.384739 0.385247 0.385767 0.386298 0.386838 0.387398 0 
0 0.387518 0.38696 0.386422 0.385893 0.385375 0.384869 0.384375 0.383893 0.383425 0.382971 0.382532 0.382108 0.3817 0.381309 0.380935 0.380579 0.38024 0.379921 0.379621 0.37934 0.379079 0.378839 0.378619 0.37842 0.378243 0.378087 0.377954 0.377842 0.377752 0.377685 0.37764 0.377617 0.377617 0.37764 0.377685 0.377752 0.377842 0.377954 0.378087 0.378243 0.37842 0.378619 0.378839 0.379079 0.37934 0.379621 0.379921 0.38024 0.380579 0.380935 0.381309 0.3817 0.382108 0.382532 0.382971 0.383425 0.383893 0.384375 0.384869 0.385375 0.385893 0.386422 0.38696 0.387518 0 
0 0 0.387099 0.386563 0.386037 0.385521 0.385017 0.384525 0.384045 0.383579 0.383127 0.38269 0.382268 0.381862 0.381473 0.3811 0.380745 0.380409 0.380091 0.379792 0.379512 0.379253 0.379013 0.378795 0.378597 0.37842 0.378265 0.378132 0.378021 0.377932 0.377865 0.37782 0.377797 0.377797 0.37782 0.377865 0.377932 0.378021 0.378132 0.378265 0.37842 0.378597 0.378795 0.379013 0.379253 0.379512 0.379792 0.380091 0.380409 0.380745 0.3811 0.381473 0.381862 0.382268 0.38269 0.383127 0.383579 0.384045 0.384525 0.385017 0.385521 0.386037 0.386563 0.387099 0 0 
0 0 0.387255 0.386721 0.386198 0.385685 0.385183 0.384693 0.384216 0.383752 0.383303 0.382868 0.382448 0.382044 0.381656 0.381286 0.380932 0.380597 0.380281 0.379983 0.379705 0.379447 0.379209 0.378991 0.378795 0.378619 0.378465 0.378332 0.378221 0.378133 0.378066 0.378021 0.377999 0.377999 0.378021 0.378066 0.378133 0.378221 0.378332 0.378465 0.378619 0.378795 0.378991 0.379209 0.379447 0.379705 0.379983 0.380281 0.380597 0.380932 0.381286 0.381656 0.382044 0.382448 0.382868 0.383303 0.383752 0.384216 0.384693 0.385183 0.385685 0.386198 0.386721 0.387255 0 0 
0 0 0.387427 0.386896 0.386376 0.385865 0.385366 0.384879 0.384405 0.383944 0.383496 0.383064 0.382646 0.382244 0.381859 0.38149 0.381139 0.380806 0.380491 0.380195 0.379919 0.379662 0.379425 0.379209 0.379013 0.378839 0.378685 0.378553 0.378443 0.378355 0.378289 0.378244 0.378222 0.378222 0.378244 0.378289 0.378355 0.378443 0.378553 0.378685 0.378839 0.379013 0.379209 0.379425 0.379662 0.379919 0.380195 0.380491 0.380806 0.381139 0.38149 0.381859 0.382244 0.382646 0.383064 0.383496 0.383944 0.384405 0.384879 0.385366 0.385865 0.386376 0.386896 0.387427 0 0 
0 0 0 0.387088 0.38657 0.386063 0.385567 0.385083 0.384611 0.384153 0.383708 0.383278 0.382863 0.382464 0.382081 0.381715 0.381366 0.381034 0.380722 0.380428 0.380153 0.379897 0.379662 0.379447 0.379253 0.379079 0.378927 0.378796 0.378686 0.378598 0.378532 0.378488 0.378466 0.378466 0.378488 0.378532 0.378598 0.378686 0.378796 0.378927 0.379079 0.379253 0.379447 0.379662 0.379897 0.380153 0.380428 0.380722 0.381034 0.381366 0.381715 0.382081 0.382464 0.382863 0.383278 0.383708 0.384153 0.384611 0.385083 0.385567 0.386063 0.38657 0.387088 0 0 0 
0 0 0 0.387296 0.386782 0.386278 0.385785 0.385304 0.384835 0.38438 0.383938 0.383511 0.383099 0.382702 0.382322 0.381958 0.381611 0.381282 0.380971 0.380679 0.380406 0.380153 0.379919 0.379705 0.379512 0.37934 0.379188 0.379058 0.378949 0.378862 0.378797 0.378753 0.378731 0.378731 0.378753 0.378797 0.378862 0.378949 0.379058 0.379188 0.37934 0.379512 0.379705 0.379919 0.380153 0.380406 0.380679 0.380971 0.381282 0.381611 0.381958 0.382322 0.382702 0.383099 0.383511 0.383938 0.38438 0.384835 0.385304 0.385785 0.386278 0.386782 0.387296 0 0 0 
0 0 0 0.38752 0.387009 0.386509 0.38602 0.385542 0.385077 0.384625 0.384186 0.383762 0.383353 0.382959 0.382581 0.38222 0.381875 0.381549 0.38124 0.38095 0.380679 0.380428 0.380195 0.379983 0.379792 0.379621 0.37947 0.379341 0.379233 0.379147 0.379081 0.379038 0.379016 0.379016 0.379038 0.379081 0.379147 0.379233 0.379341 0.37947 0.379621 0.379792 0.379983 0.380195 0.380428 0.380679 0.38095 0.38124 0.381549 0.381875 0.38222 0.382581 0.382959 0.383353 0.383762 0.384186 0.384625 0.385077 0.385542 0.38602 0.386509 0.387009 0.38752 0 0 0 
0 0 0 0 0.387253 0.386756 0.386271 0.385797 0.385335 0.384886 0.384451 0.38403 0.383624 0.383233 0.382858 0.3825 0.382158 0.381834 0.381528 0.38124 0.380971 0.380722 0.380491 0.380281 0.380091 0.379921 0.379772 0.379644 0.379536 0.379451 0.379386 0.379343 0.379321 0.379321 0.379343 0.379386 0.379451 0.379536 0.379644 0.379772 0.379921 0.380091 0.380281 0.380491 0.380722 0.380971 0.38124 0.381528 0.381834 0.382158 0.3825 0.382858 0.383233 0.383624 0.38403 0.384451 0.384886 0.385335 0.385797 0.386271 0.386756 0.387253 0 0 0 0 
0 0 0 0 0.387512 0.387019 0.386538 0.386068 0.38561 0.385165 0.384733 0.384316 0.383913 0.383525 0.383153 0.382798 0.382459 0.382138 0.381834 0.381549 0.381282 0.381034 0.380806 0.380597 0.380409 0.38024 0.380093 0.379965 0.379859 0.379774 0.37971 0.379667 0.379646 0.379646 0.379667 0.37971 0.379774 0.379859 0.379965 0.380093 0.38024 0.380409 0.380597 0.380806 0.381034 0.381282 0.381549 0.381834 0.382138 0.382459 0.382798 0.383153 0.383525 0.383913 0.384316 0.384733 0.385165 0.38561 0.386068 0.386538 0.387019 0.387512 0 0 0 0 
0 0 0 0 0 0.387298 0.38682 0.386354 0.3859 0.385459 0.385032 0.384618 0.384218 0.383834 0.383466 0.383113 0.382778 0.382459 0.382158 0.381875 0.381611 0.381366 0.381139 0.380932 0.380745 0.380579 0.380432 0.380306 0.380201 0.380116 0.380053 0.380011 0.379989 0.379989 0.380011 0.380053 0.380116 0.380201 0.380306 0.380432 0.380579 0.380745 0.380932 0.381139 0.381366 0.381611 0.381875 0.382158 0.382459 0.382778 0.383113 0.383466 0.383834 0.384218 0.384618 0.385032 0.385459 0.3859 0.386354 0.38682 0.387298 0 0 0 0 0 
0 0 0 0 0 0 0.387118 0.386657 0.386207 0.38577 0.385346 0.384936 0.384541 0.38416 0.383795 0.383446 0.383113 0.382798 0.3825 0.38222 0.381958 0.381715 0.38149 0.381286 0.3811 0.380935 0.38079 0.380665 0.380561 0.380477 0.380414 0.380372 0.380351 0.380351 0.380372 0.380414 0.380477 0.380561 0.380665 0.38079 0.380935 0.3811 0.381286 0.38149 0.381715 0.381958 0.38222 0.3825 0.382798 0.383113 0.383446 0.383795 0.38416 0.384541 0.384936 0.385346 0.38577 0.386207 0.386657 0.387118 0 0 0 0 0 0 
0 0 0 0 0 0 0.387431 0.386974 0.386529 0.386096 0.385676 0.38527 0.384879 0.384502 0.384141 0.383795 0.383466 0.383153 0.382858 0.382581 0.382322 0.382081 0.381859 0.381656 0.381473 0.381309 0.381165 0.381042 0.380939 0.380856 0.380794 0.380752 0.380731 0.380731 0.380752 0.380794 0.380856 0.380939 0.381042 0.381165 0.381309 0.381473 0.381656 0.381859 0.382081 0.382322 0.382581 0.382858 0.383153 0.383466 0.383795 0.384141 0.384502 0.384879 0.38527 0.385676 0.386096 0.386529 0.386974 0.387431 0 0 0 0 0 0 
0 0 0 0 0 0 0 0.387306 0.386865 0.386437 0.386022 0.38562 0.385233 0.38486 0.384502 0.38416 0.383834 0.383525 0.383233 0.382959 0.382702 0.382464 0.382244 0.382044 0.381862 0.3817 0.381558 0.381436 0.381334 0.381252 0.38119 0.381149 0.381129 0.381129 0.381149 0.38119 0.381252 0.381334 0.381436 0.381558 0.3817 0.381862 0.382044 0.382244 0.382464 0.382702 0.382959 0.383233 0.383525 0.383834 0.38416 0.384502 0.38486 0.385233 0.38562 0.386022 0.386437 0.386865 0.387306 0 0 0 0 0 0 0 
0 0 0 0 0 0 0 0 0.387216 0.386793 0.386382 0.385985 0.385601 0.385233 0.384879 0.384541 0.384218 0.383913 0.383624 0.383353 0.383099 0.382863 0.382646 0.382448 0.382268 0.382108 0.381968 0.381847 0.381746 0.381665 0.381604 0.381563 0.381543 0.381543 0.381563 0.381604 0.381665 0.381746 0.381847 0.381968 0.382108 0.382268 0.382448 0.382646 0.382863 0.383099 0.383353 0.383624 0.383913 0.384218 0.384541 0.384879 0.385233 0.385601 0.385985 0.386382 0.386793 0.387216 0 0 0 0 0 0 0 0 
0 0 0 0 0 0 0 0 0 0.387162 0.386756 0.386364 0.385985 0.38562 0.38527 0.384936 0.384618 0.384316 0.38403 0.383762 0.383511 0.383278 0.383064 0.382868 0.38269 0.382532 0.382393 0.382273 0.382174 0.382094 0.382033 0.381993 0.381973 0.381973 0.381993 0.382033 0.382094 0.382174 0.382273 0.382393 0.382532 0.38269 0.382868 0.383064 0.383278 0.383511 0.383762 0.38403 0.384316 0.384618 0.384936 0.38527 0.38562 0.385985 0.386364 0.386756 0.387162 0 0 0 0 0 0 0 0 0 
0 0 0 0 0 0 0 0 0 0 0.387144 0.386756 0.386382 0.386022 0.385676 0.385346 0.385032 0.384733 0.384451 0.384186 0.383938 0.383708 0.383496 0.383303 0.383127 0.382971 0.382834 0.382716 0.382617 0.382538 0.382479 0.382439 0.382419 0.382419 0.382439 0.382479 0.382538 0.382617 0.382716 0.382834 0.382971 0.383127 0.383303 0.383496 0.383708 0.383938 0.384186 0.384451 0.384733 0.385032 0.385346 0.385676 0.386022 0.386382 0.386756 0.387144 0 0 0 0 0 0 0 0 0 0 
0 0 0 0 0 0 0 0 0 0 0 0.387162 0.386793 0.386437 0.386096 0.38577 0.385459 0.385165 0.384886 0.384625 0.38438 0.384153 0.383944 0.383752 0.383579 0.383425 0.38329 0.383173 0.383076 0.382998 0.382939 0.3829 0.38288 0.38288 0.3829 0.382939 0.382998 0.383076 0.383173 0.38329 0.383425 0.383579 0.383752 0.383944 0.384153 0.38438 0.384625 0.384886 0.385165 0.385459 0.38577 0.386096 0.386437 0.386793 0.387162 0 0 0 0 0 0 0 0 0 0 0 
0 0 0 0 0 0 0 0 0 0 0 0 0.387216 0.386865 0.386529 0.386207 0.3859 0.38561 0.385335 0.385077 0.384835 0.384611 0.384405 0.384216 0.384045 0.383893 0.383759 0.383645 0.383548 0.383471 0.383414 0.383375 0.383356 0.383356 0.383375 0.383414 0.383471 0.383548 0.383645 0.383759 0.383893 0.384045 0.384216 0.384405 0.384611 0.384835 0.385077 0.385335 0.38561 0.3859 0.386207 0.386529 0.386865 0.387216 0 0 0 0 0 0 0 0 0 0 0 0 
0 0 0 0 0 0 0 0 0 0 0 0 0 0.387306 0.386974 0.386657 0.386354 0.386068 0.385797 0.385542 0.385304 0.385083 0.384879 0.384693 0.384525 0.384375 0.384243 0.384129 0.384035 0.383959 0.383902 0.383864 0.383845 0.383845 0.383864 0.383902 0.383959 0.384035 0.384129 0.384243 0.384375 0.384525 0.384693 0.384879 0.385083 0.385304 0.385542 0.385797 0.386068 0.386354 0.386657 0.386974 0.387306 0 0 0 0 0 0 0 0 0 0 0 0 0 
0 0 0 0 0 0 0 0 0 0 0 0 0 0 0.387431 0.387118 0.38682 0.386538 0.386271 0.38602 0.385785 0.385567 0.385366 0.385183 0.385017 0.384869 0.384739 0.384627 0.384534 0.384459 0.384403 0.384365 0.384347 0.384347 0.384365 0.384403 0.384459 0.384534 0.384627 0.384739 0.384869 0.385017 0.385183 0.385366 0.385567 0.385785 0.38602 0.386271 0.386538 0.38682 0.387118 0.387431 0 0 0 0 0 0 0 0 0 0 0 0 0 0 
0 0 0 0 0 0 0 0 0 0 0 0 0 0 0 0 0.387298 0.387019 0.386756 0.386509 0.386278 0.386063 0.385865 0.385685 0.385521 0.385375 0.385247 0.385137 0.385045 0.384972 0.384916 0.384879 0.384861 0.384861 0.384879 0.384916 0.384972 0.385045 0.385137 0.385247 0.385375 0.385521 0.385685 0.385865 0.386063 0.386278 0.386509 0.386756 0.387019 0.387298 0 0 0 0 0 0 0 0 0 0 0 0 0 0 0 0 
0 0 0 0 0 0 0 0 0 0 0 0 0 0 0 0 0 0.387512 0.387253 0.387009 0.386782 0.38657 0.386376 0.386198 0.386037 0.385893 0.385767 0.385659 0.385568 0.385496 0.385441 0.385405 0.385387 0.385387 0.385405 0.385441 0.385496 0.385568 0.385659 0.385767 0.385893 0.386037 0.386198 0.386376 0.38657 0.386782 0.387009 0.387253 0.387512 0 0 0 0 0 0 0 0 0 0 0 0 0 0 0 0 0 
0 0 0 0 0 0 0 0 0 0 0 0 0 0 0 0 0 0 0 0.38752 0.387296 0.387088 0.386896 0.386721 0.386563 0.386422 0.386298 0.386191 0.386102 0.386031 0.385977 0.385941 0.385923 0.385923 0.385941 0.385977 0.386031 0.386102 0.386191 0.386298 0.386422 0.386563 0.386721 0.386896 0.387088 0.387296 0.38752 0 0 0 0 0 0 0 0 0 0 0 0 0 0 0 0 0 0 0 
0 0 0 0 0 0 0 0 0 0 0 0 0 0 0 0 0 0 0 0 0 0 0.387427 0.387255 0.387099 0.38696 0.386838 0.386733 0.386646 0.386575 0.386523 0.386487 0.38647 0.38647 0.386487 0.386523 0.386575 0.386646 0.386733 0.386838 0.38696 0.387099 0.387255 0.387427 0 0 0 0 0 0 0 0 0 0 0 0 0 0 0 0 0 0 0 0 0 0 
0 0 0 0 0 0 0 0 0 0 0 0 0 0 0 0 0 0 0 0 0 0 0 0 0 0.387518 0.387398 0.387294 0.387208 0.387139 0.387087 0.387053 0.387035 0.387035 0.387053 0.387087 0.387139 0.387208 0.387294 0.387398 0.387518 0 0 0 0 0 0 0 0 0 0 0 0 0 0 0 0 0 0 0 0 0 0 0 0 0 
0 0 0 0 0 0 0 0 0 0 0 0 0 0 0 0 0 0 0 0 0 0 0 0 0 0 0 0 0 0 0 0 0 0 0 0 0 0 0 0 0 0 0 0 0 0 0 0 0 0 0 0 0 0 0 0 0 0 0 0 0 0 0 0 0 0 
Run time: 4635.67 seconds